# oST version 5.0 parameters


[image]

width
640

height
480

[narrow_stereo]

camera matrix
614.828123 0.000000 332.787277
0.000000 615.068657 243.159143
0.000000 0.000000 1.000000

distortion
0.118903 -0.343950 0.001060 0.000993 0.000000

rectification
1.000000 0.000000 0.000000
0.000000 1.000000 0.000000
0.000000 0.000000 1.000000

projection
619.001099 0.000000 333.751894 0.000000
0.000000 621.526367 243.473939 0.000000
0.000000 0.000000 1.000000 0.000000

