image_width: 640
image_height: 480
camera_name: narrow_stereo
camera_matrix:
  rows: 3
  cols: 3
  data: [614.828123, 0.000000, 332.787277, 0.000000, 615.068657, 243.159143, 0.000000, 0.000000, 1.000000]
distortion_model: plumb_bob
distortion_coefficients:
  rows: 1
  cols: 5
  data: [0.118903, -0.343950, 0.001060, 0.000993, 0.000000]
rectification_matrix:
  rows: 3
  cols: 3
  data: [1.000000, 0.000000, 0.000000, 0.000000, 1.000000, 0.000000, 0.000000, 0.000000, 1.000000]
projection_matrix:
  rows: 3
  cols: 4
  data: [619.001099, 0.000000, 333.751894, 0.000000, 0.000000, 621.526367, 243.473939, 0.000000, 0.000000, 0.000000, 1.000000, 0.000000]
